start=3.823222
volume=18.000000
